%ADC1	ADC2	ADC3	ADC4	ref	rigger	PM1_C	PM2_C	PM3_C	PM1_F	PM2_F	PM3_F
86	177	181	36	0	203	135	0	0	0	0	0	
205	47	48	155	0	203	32	0	0	0	0	0	
207	46	47	157	0	203	32	0	0	0	0	0	
207	45	45	158	0	203	31	0	0	0	0	0	
208	43	44	159	0	203	30	0	0	0	0	0	
209	42	43	162	0	203	30	0	0	0	0	0	
210	41	42	163	0	203	29	0	0	0	0	0	
212	40	40	165	0	203	28	0	0	0	0	0	
212	38	39	166	0	203	28	0	0	0	0	0	
213	37	38	167	0	203	27	0	0	0	0	0	
214	36	37	168	0	203	26	0	0	0	0	0	
214	35	36	170	0	203	26	0	0	0	0	0	
215	34	35	171	0	203	25	0	0	0	0	0	
216	32	34	173	0	203	24	0	0	0	0	0	
216	32	33	175	0	203	24	0	0	0	0	0	
217	30	32	176	0	203	23	0	0	0	0	0	
218	29	31	177	0	203	22	0	0	0	0	0	
219	28	30	178	0	203	21	0	0	0	0	0	
219	27	29	180	0	203	21	0	0	0	0	0	
219	26	28	181	0	203	20	0	0	0	0	0	
220	25	27	182	0	203	19	0	0	0	0	0	
220	25	26	184	0	203	19	0	0	0	0	0	
221	24	25	185	0	203	18	0	0	0	0	0	
221	23	25	186	0	203	17	0	0	0	0	0	
222	22	23	187	0	203	17	0	0	0	0	0	
222	21	23	188	0	203	16	0	0	0	0	0	
222	21	23	190	0	203	15	0	0	0	0	0	
223	20	21	190	0	203	15	0	0	0	0	0	
223	19	21	191	0	203	14	0	0	0	0	0	
223	19	20	192	0	203	13	0	0	0	0	0	
223	18	20	194	0	203	13	0	0	0	0	0	
223	17	19	194	0	203	12	0	0	0	0	0	
224	16	18	195	0	203	11	0	0	0	0	0	
224	16	18	196	0	203	10	0	0	0	0	0	
224	16	17	197	0	203	10	0	0	0	0	0	
224	15	17	199	0	203	9	0	0	0	0	0	
224	14	16	199	0	203	8	0	0	0	0	0	
224	14	16	200	0	203	8	0	0	0	0	0	
224	13	15	201	0	203	7	0	0	0	0	0	
224	13	15	202	0	203	6	0	0	0	0	0	
224	12	14	203	0	203	6	0	0	0	0	0	
223	12	14	204	0	203	5	0	0	0	0	0	
224	12	14	204	0	203	4	0	0	0	0	0	
223	12	14	205	0	203	4	0	0	0	0	0	
224	11	13	206	0	203	3	0	0	0	0	0	
223	11	13	207	0	203	2	0	0	0	0	0	
223	11	13	207	0	203	2	0	0	0	0	0	
223	10	13	208	0	203	1	0	0	0	0	0	
222	11	12	209	0	203	0	0	0	0	0	0	
223	10	13	209	0	203	1	0	0	0	0	0	
223	10	12	209	0	203	1	0	0	0	0	0	
223	11	13	209	0	203	2	0	0	0	0	0	
223	11	13	209	0	203	3	0	0	0	0	0	
223	11	13	208	0	203	3	0	0	0	0	0	
223	11	13	209	0	203	4	0	0	0	0	0	
223	11	13	208	0	203	5	0	0	0	0	0	
223	11	13	208	0	203	5	0	0	0	0	0	
223	11	13	208	0	203	6	0	0	0	0	0	
223	11	13	208	0	203	7	0	0	0	0	0	
224	11	13	208	0	203	7	0	0	0	0	0	
224	11	13	208	0	203	8	0	0	0	0	0	
224	11	14	208	0	203	9	0	0	0	0	0	
224	11	14	208	0	203	9	0	0	0	0	0	
224	12	14	207	0	203	10	0	0	0	0	0	
224	12	14	207	0	203	11	0	0	0	0	0	
224	12	14	207	0	203	12	0	0	0	0	0	
224	12	14	206	0	203	12	0	0	0	0	0	
224	12	14	206	0	203	13	0	0	0	0	0	
224	13	15	206	0	203	14	0	0	0	0	0	
224	13	15	206	0	203	14	0	0	0	0	0	
224	13	14	206	0	203	15	0	0	0	0	0	
225	13	15	206	0	203	16	0	0	0	0	0	
225	13	15	205	0	203	16	0	0	0	0	0	
225	14	16	205	0	203	17	0	0	0	0	0	
225	14	16	205	0	203	18	0	0	0	0	0	
225	14	16	204	0	203	18	0	0	0	0	0	
225	14	16	204	0	203	19	0	0	0	0	0	
225	14	16	204	0	203	20	0	0	0	0	0	
225	15	17	204	0	203	20	0	0	0	0	0	
225	15	17	204	0	203	21	0	0	0	0	0	
225	15	17	204	0	203	22	0	0	0	0	0	
225	15	17	203	0	203	23	0	0	0	0	0	
225	15	17	203	0	203	23	0	0	0	0	0	
225	16	17	202	0	203	24	0	0	0	0	0	
225	16	18	202	0	203	25	0	0	0	0	0	
226	16	18	202	0	203	25	0	0	0	0	0	
225	16	18	201	0	203	26	0	0	0	0	0	
225	17	19	201	0	203	27	0	0	0	0	0	
226	17	19	200	0	203	27	0	0	0	0	0	
226	18	19	200	0	203	28	0	0	0	0	0	
225	18	19	199	0	203	29	0	0	0	0	0	
225	18	20	198	0	203	29	0	0	0	0	0	
225	18	21	198	0	203	30	0	0	0	0	0	
225	19	20	198	0	203	31	0	0	0	0	0	
225	20	21	198	0	203	31	0	0	0	0	0	
226	19	21	197	0	203	32	0	0	0	0	0	
225	20	22	197	0	203	33	0	0	0	0	0	
225	20	22	196	0	203	34	0	0	0	0	0	
225	21	23	196	0	203	34	0	0	0	0	0	
225	21	23	195	0	203	35	0	0	0	0	0	
224	21	23	194	0	203	36	0	0	0	0	0	
225	22	24	194	0	203	36	0	0	0	0	0	
225	22	23	194	0	203	37	0	0	0	0	0	
224	23	24	193	0	203	38	0	0	0	0	0	
224	24	25	193	0	203	38	0	0	0	0	0	
224	23	25	193	0	203	39	0	0	0	0	0	
224	24	25	192	0	203	40	0	0	0	0	0	
224	24	26	191	0	203	40	0	0	0	0	0	
223	25	27	190	0	203	41	0	0	0	0	0	
224	25	27	190	0	203	42	0	0	0	0	0	
224	26	28	189	0	203	42	0	0	0	0	0	
223	26	28	188	0	203	43	0	0	0	0	0	
223	27	29	188	0	203	44	0	0	0	0	0	
223	28	29	187	0	203	45	0	0	0	0	0	
223	28	29	187	0	203	45	0	0	0	0	0	
222	29	30	186	0	203	46	0	0	0	0	0	
222	29	30	185	0	203	47	0	0	0	0	0	
222	30	31	185	0	203	47	0	0	0	0	0	
221	29	32	183	0	203	48	0	0	0	0	0	
221	31	32	183	0	203	49	0	0	0	0	0	
221	32	33	182	0	203	49	0	0	0	0	0	
221	32	33	181	0	203	50	0	0	0	0	0	
220	33	33	181	0	203	51	0	0	0	0	0	
220	33	34	180	0	203	51	0	0	0	0	0	
220	34	35	180	0	203	52	0	0	0	0	0	
219	35	36	179	0	203	53	0	0	0	0	0	
219	35	36	177	0	203	53	0	0	0	0	0	
218	36	37	176	0	203	54	0	0	0	0	0	
219	37	38	176	0	203	55	0	0	0	0	0	
218	37	39	175	0	203	56	0	0	0	0	0	
217	38	39	174	0	203	56	0	0	0	0	0	
217	38	39	173	0	203	57	0	0	0	0	0	
216	40	40	173	0	203	58	0	0	0	0	0	
216	40	41	172	0	203	58	0	0	0	0	0	
216	41	42	171	0	203	59	0	0	0	0	0	
215	42	41	170	0	203	60	0	0	0	0	0	
215	43	43	169	0	203	60	0	0	0	0	0	
214	43	44	168	0	203	61	0	0	0	0	0	
214	44	45	167	0	203	62	0	0	0	0	0	
213	45	45	166	0	203	62	0	0	0	0	0	
213	45	46	166	0	203	63	0	0	0	0	0	
212	47	47	164	0	203	64	0	0	0	0	0	
211	47	48	164	0	203	64	0	0	0	0	0	
211	48	49	163	0	203	65	0	0	0	0	0	
211	49	50	162	0	203	66	0	0	0	0	0	
209	50	51	160	0	203	67	0	0	0	0	0	
209	51	52	160	0	203	67	0	0	0	0	0	
208	52	52	159	0	203	68	0	0	0	0	0	
207	52	53	158	0	203	69	0	0	0	0	0	
207	53	54	157	0	203	69	0	0	0	0	0	
206	55	55	156	0	203	70	0	0	0	0	0	
205	55	56	155	0	203	71	0	0	0	0	0	
205	56	56	154	0	203	71	0	0	0	0	0	
204	57	58	153	0	203	72	0	0	0	0	0	
203	58	59	151	0	203	73	0	0	0	0	0	
202	59	59	150	0	203	73	0	0	0	0	0	
202	60	60	149	0	203	74	0	0	0	0	0	
201	61	61	148	0	203	75	0	0	0	0	0	
200	62	62	147	0	203	75	0	0	0	0	0	
200	64	64	146	0	203	76	0	0	0	0	0	
199	65	65	145	0	203	77	0	0	0	0	0	
198	66	66	144	0	203	78	0	0	0	0	0	
197	67	67	142	0	203	78	0	0	0	0	0	
196	68	68	141	0	203	79	0	0	0	0	0	
195	69	70	140	0	203	80	0	0	0	0	0	
195	70	71	139	0	203	80	0	0	0	0	0	
194	71	71	138	0	203	81	0	0	0	0	0	
193	72	72	136	0	203	82	0	0	0	0	0	
192	73	74	134	0	203	82	0	0	0	0	0	
191	75	75	134	0	203	83	0	0	0	0	0	
189	76	76	132	0	203	84	0	0	0	0	0	
188	77	78	131	0	203	84	0	0	0	0	0	
187	78	79	130	0	203	85	0	0	0	0	0	
186	79	80	128	0	203	86	0	0	0	0	0	
185	81	81	127	0	203	86	0	0	0	0	0	
184	82	82	126	0	203	87	0	0	0	0	0	
183	83	84	124	0	203	88	0	0	0	0	0	
182	84	84	124	0	203	89	0	0	0	0	0	
181	86	86	122	0	203	89	0	0	0	0	0	
180	87	87	121	0	203	90	0	0	0	0	0	
179	89	89	119	0	203	91	0	0	0	0	0	
177	90	90	118	0	203	91	0	0	0	0	0	
176	91	91	117	0	203	92	0	0	0	0	0	
175	92	93	115	0	203	93	0	0	0	0	0	
175	94	94	114	0	203	93	0	0	0	0	0	
172	95	95	112	0	203	94	0	0	0	0	0	
171	97	96	112	0	203	95	0	0	0	0	0	
170	98	98	110	0	203	95	0	0	0	0	0	
168	99	99	109	0	203	96	0	0	0	0	0	
168	101	101	107	0	203	97	0	0	0	0	0	
166	103	102	106	0	203	97	0	0	0	0	0	
165	104	103	105	0	203	98	0	0	0	0	0	
163	105	105	103	0	203	99	0	0	0	0	0	
162	106	106	101	0	203	99	0	0	0	0	0	
161	108	107	100	0	203	100	0	0	0	0	0	
159	109	109	99	0	203	101	0	0	0	0	0	
159	110	110	98	0	203	102	0	0	0	0	0	
158	112	111	97	0	203	102	0	0	0	0	0	
156	114	113	95	0	203	103	0	0	0	0	0	
155	114	114	94	0	203	104	0	0	0	0	0	
153	116	115	93	0	203	104	0	0	0	0	0	
153	118	117	92	0	203	105	0	0	0	0	0	
151	119	118	90	0	203	106	0	0	0	0	0	
149	121	120	89	0	203	106	0	0	0	0	0	
148	122	121	88	0	203	107	0	0	0	0	0	
146	124	123	86	0	203	108	0	0	0	0	0	
146	125	124	85	0	203	108	0	0	0	0	0	
143	126	125	84	0	203	109	0	0	0	0	0	
142	127	126	82	0	203	110	0	0	0	0	0	
141	129	128	81	0	203	110	0	0	0	0	0	
139	130	129	80	0	203	111	0	0	0	0	0	
138	132	131	79	0	203	112	0	0	0	0	0	
136	134	132	77	0	203	113	0	0	0	0	0	
135	134	133	75	0	203	113	0	0	0	0	0	
134	136	135	74	0	203	114	0	0	0	0	0	
132	137	137	74	0	203	115	0	0	0	0	0	
130	139	138	72	0	203	115	0	0	0	0	0	
129	141	139	71	0	203	116	0	0	0	0	0	
127	142	140	69	0	203	117	0	0	0	0	0	
127	143	142	68	0	203	117	0	0	0	0	0	
125	144	143	66	0	203	118	0	0	0	0	0	
123	146	144	65	0	203	119	0	0	0	0	0	
122	148	146	64	0	203	119	0	0	0	0	0	
120	149	148	63	0	203	120	0	0	0	0	0	
118	151	149	62	0	203	121	0	0	0	0	0	
117	152	150	60	0	203	121	0	0	0	0	0	
115	154	152	59	0	203	122	0	0	0	0	0	
113	155	153	58	0	203	123	0	0	0	0	0	
112	156	155	56	0	203	124	0	0	0	0	0	
110	158	156	55	0	203	124	0	0	0	0	0	
109	160	157	54	0	203	125	0	0	0	0	0	
107	161	159	53	0	203	126	0	0	0	0	0	
106	161	160	52	0	203	126	0	0	0	0	0	
104	164	162	51	0	203	127	0	0	0	0	0	
103	165	163	50	0	203	128	0	0	0	0	0	
100	166	164	49	0	203	128	0	0	0	0	0	
99	168	166	47	0	203	129	0	0	0	0	0	
98	170	168	46	0	203	130	0	0	0	0	0	
96	171	169	44	0	203	130	0	0	0	0	0	
95	172	170	43	0	203	131	0	0	0	0	0	
93	174	172	42	0	203	132	0	0	0	0	0	
91	175	172	41	0	203	132	0	0	0	0	0	
89	176	173	40	0	203	133	0	0	0	0	0	
88	178	176	39	0	203	134	0	0	0	0	0	
85	179	177	38	0	203	135	0	0	0	0	0	
84	180	178	37	0	203	135	0	0	0	0	0	
83	182	179	36	0	203	136	0	0	0	0	0	
81	184	181	35	0	203	137	0	0	0	0	0	
80	184	182	34	0	203	137	0	0	0	0	0	
78	185	183	33	0	203	138	0	0	0	0	0	
76	187	185	32	0	203	139	0	0	0	0	0	
75	189	186	31	0	203	139	0	0	0	0	0	
74	189	188	30	0	203	140	0	0	0	0	0	
72	191	188	30	0	203	141	0	0	0	0	0	
70	193	189	28	0	203	141	0	0	0	0	0	
69	193	191	27	0	203	142	0	0	0	0	0	
67	194	192	27	0	203	143	0	0	0	0	0	
66	195	193	26	0	203	143	0	0	0	0	0	
64	197	195	25	0	203	144	0	0	0	0	0	
63	198	195	24	0	203	145	0	0	0	0	0	
62	200	197	23	0	203	146	0	0	0	0	0	
60	200	198	23	0	203	146	0	0	0	0	0	
58	202	199	22	0	203	147	0	0	0	0	0	
57	202	200	21	0	203	148	0	0	0	0	0	
55	203	201	21	0	203	148	0	0	0	0	0	
54	205	202	19	0	203	149	0	0	0	0	0	
52	205	203	19	0	203	150	0	0	0	0	0	
51	206	204	19	0	203	150	0	0	0	0	0	
50	208	205	18	0	203	151	0	0	0	0	0	
49	208	206	17	0	203	152	0	0	0	0	0	
47	209	207	17	0	203	152	0	0	0	0	0	
46	210	208	16	0	203	153	0	0	0	0	0	
44	211	209	16	0	203	154	0	0	0	0	0	
42	212	210	15	0	203	154	0	0	0	0	0	
41	212	210	15	0	203	155	0	0	0	0	0	
40	213	211	14	0	203	156	0	0	0	0	0	
39	214	212	14	0	203	157	0	0	0	0	0	
38	215	212	13	0	203	157	0	0	0	0	0	
36	215	213	13	0	203	158	0	0	0	0	0	
35	216	214	13	0	203	159	0	0	0	0	0	
33	216	215	13	0	203	159	0	0	0	0	0	
33	218	215	12	0	203	160	0	0	0	0	0	
31	218	216	12	0	203	161	0	0	0	0	0	
31	218	216	12	0	203	161	0	0	0	0	0	
29	219	217	12	0	203	162	0	0	0	0	0	
28	219	218	11	0	203	163	0	0	0	0	0	
27	220	218	12	0	203	163	0	0	0	0	0	
26	221	219	12	0	203	164	0	0	0	0	0	
25	221	220	12	0	203	165	0	0	0	0	0	
24	222	220	12	0	203	165	0	0	0	0	0	
23	222	220	11	0	203	166	0	0	0	0	0	
21	222	220	12	0	203	167	0	0	0	0	0	
21	222	220	12	0	203	168	0	0	0	0	0	
20	223	221	12	0	203	168	0	0	0	0	0	
19	222	221	12	0	203	169	0	0	0	0	0	
18	223	221	11	0	203	170	0	0	0	0	0	
17	224	222	13	0	203	170	0	0	0	0	0	
16	224	221	13	0	203	171	0	0	0	0	0	
16	224	222	13	0	203	172	0	0	0	0	0	
15	223	222	13	0	203	172	0	0	0	0	0	
14	223	222	13	0	203	173	0	0	0	0	0	
14	223	222	14	0	203	174	0	0	0	0	0	
14	224	223	13	0	203	174	0	0	0	0	0	
13	224	222	14	0	203	175	0	0	0	0	0	
12	224	222	15	0	203	176	0	0	0	0	0	
12	224	222	15	0	203	176	0	0	0	0	0	
11	223	222	16	0	203	177	0	0	0	0	0	
11	223	222	16	0	203	178	0	0	0	0	0	
9	223	222	17	0	203	178	0	0	0	0	0	
9	223	222	17	0	203	179	0	0	0	0	0	
9	223	221	18	0	203	180	0	0	0	0	0	
8	221	220	18	0	203	181	0	0	0	0	0	
8	221	220	19	0	203	181	0	0	0	0	0	
8	221	220	20	0	203	182	0	0	0	0	0	
7	221	220	21	0	203	183	0	0	0	0	0	
7	220	219	22	0	203	183	0	0	0	0	0	
7	220	219	23	0	203	184	0	0	0	0	0	
7	219	218	23	0	203	185	0	0	0	0	0	
6	219	218	25	0	203	185	0	0	0	0	0	
6	218	217	25	0	203	186	0	0	0	0	0	
7	217	216	26	0	203	187	0	0	0	0	0	
7	217	215	27	0	203	187	0	0	0	0	0	
7	216	215	28	0	203	188	0	0	0	0	0	
7	215	214	29	0	203	189	0	0	0	0	0	
7	214	213	30	0	203	189	0	0	0	0	0	
6	213	212	31	0	203	190	0	0	0	0	0	
7	213	211	33	0	203	191	0	0	0	0	0	
7	212	210	33	0	203	192	0	0	0	0	0	
7	211	210	35	0	203	192	0	0	0	0	0	
8	210	209	36	0	203	193	0	0	0	0	0	
8	209	207	37	0	203	194	0	0	0	0	0	
9	208	207	38	0	203	194	0	0	0	0	0	
9	206	205	40	0	203	195	0	0	0	0	0	
9	205	205	41	0	203	196	0	0	0	0	0	
10	204	204	43	0	203	196	0	0	0	0	0	
10	203	202	44	0	203	197	0	0	0	0	0	
11	202	201	45	0	203	198	0	0	0	0	0	
11	201	200	47	0	203	198	0	0	0	0	0	
12	199	199	49	0	203	199	0	0	0	0	0	
12	198	197	50	0	203	200	0	0	0	0	0	
13	196	196	51	0	203	200	0	0	0	0	0	
13	195	194	53	0	203	201	0	0	0	0	0	
15	194	194	55	0	203	202	0	0	0	0	0	
15	192	191	56	0	203	203	0	0	0	0	0	
16	191	190	57	0	203	203	0	0	0	0	0	
17	189	188	59	0	203	204	0	0	0	0	0	
18	188	186	60	0	203	205	0	0	0	0	0	
19	185	185	62	0	203	205	0	0	0	0	0	
20	184	183	64	0	203	206	0	0	0	0	0	
21	182	181	65	0	203	207	0	0	0	0	0	
22	181	180	68	0	203	207	0	0	0	0	0	
24	179	178	69	0	203	208	0	0	0	0	0	
24	177	177	71	0	203	209	0	0	0	0	0	
25	175	175	73	0	203	209	0	0	0	0	0	
27	173	172	75	0	203	210	0	0	0	0	0	
28	172	171	77	0	203	211	0	0	0	0	0	
29	169	169	78	0	203	211	0	0	0	0	0	
30	168	167	80	0	203	212	0	0	0	0	0	
32	166	166	82	0	203	213	0	0	0	0	0	
33	164	164	84	0	203	214	0	0	0	0	0	
36	161	162	86	0	203	214	0	0	0	0	0	
37	160	159	87	0	203	215	0	0	0	0	0	
38	157	157	90	0	203	216	0	0	0	0	0	
40	156	155	91	0	203	216	0	0	0	0	0	
41	154	153	94	0	203	217	0	0	0	0	0	
42	151	151	95	0	203	218	0	0	0	0	0	
44	149	148	96	0	203	218	0	0	0	0	0	
46	147	146	99	0	203	219	0	0	0	0	0	
48	145	145	101	0	203	220	0	0	0	0	0	
50	143	142	103	0	203	220	0	0	0	0	0	
51	140	140	106	0	203	221	0	0	0	0	0	
53	138	138	107	0	203	222	0	0	0	0	0	
55	136	136	109	0	203	222	0	0	0	0	0	
56	134	133	110	0	203	223	0	0	0	0	0	
58	132	131	113	0	203	224	0	0	0	0	0	
61	129	129	114	0	203	225	0	0	0	0	0	
62	127	126	116	0	203	225	0	0	0	0	0	
64	124	125	118	0	203	226	0	0	0	0	0	
66	123	123	121	0	203	227	0	0	0	0	0	
68	120	120	122	0	203	227	0	0	0	0	0	
70	118	117	124	0	203	228	0	0	0	0	0	
72	115	115	126	0	203	229	0	0	0	0	0	
74	112	112	128	0	203	229	0	0	0	0	0	
77	111	111	129	0	203	230	0	0	0	0	0	
78	108	108	132	0	203	231	0	0	0	0	0	
80	106	106	134	0	203	231	0	0	0	0	0	
83	104	104	136	0	203	232	0	0	0	0	0	
84	101	102	138	0	203	233	0	0	0	0	0	
86	99	99	141	0	203	233	0	0	0	0	0	
89	97	96	141	0	203	234	0	0	0	0	0	
90	94	95	143	0	203	235	0	0	0	0	0	
93	91	92	145	0	203	236	0	0	0	0	0	
95	90	90	147	0	203	236	0	0	0	0	0	
97	88	88	148	0	203	237	0	0	0	0	0	
99	85	85	151	0	203	238	0	0	0	0	0	
101	82	83	152	0	203	238	0	0	0	0	0	
104	80	81	154	0	203	239	0	0	0	0	0	
105	78	78	156	0	203	240	0	0	0	0	0	
108	76	76	158	0	203	240	0	0	0	0	0	
110	74	74	159	0	203	241	0	0	0	0	0	
113	71	72	161	0	203	242	0	0	0	0	0	
115	69	69	162	0	203	242	0	0	0	0	0	
116	66	67	164	0	203	243	0	0	0	0	0	
119	64	65	165	0	203	244	0	0	0	0	0	
122	62	63	167	0	203	244	0	0	0	0	0	
125	61	61	169	0	203	245	0	0	0	0	0	
126	58	59	170	0	203	246	0	0	0	0	0	
128	56	57	172	0	203	247	0	0	0	0	0	
130	53	55	173	0	203	247	0	0	0	0	0	
133	51	53	175	0	203	248	0	0	0	0	0	
134	49	51	176	0	203	249	0	0	0	0	0	
137	47	48	177	0	203	249	0	0	0	0	0	
138	45	46	179	0	203	250	0	0	0	0	0	
141	43	45	180	0	203	251	0	0	0	0	0	
144	41	43	182	0	203	251	0	0	0	0	0	
145	39	41	183	0	203	252	0	0	0	0	0	
147	37	39	184	0	203	253	0	0	0	0	0	
150	34	36	185	0	203	253	0	0	0	0	0	
152	33	35	187	0	203	254	0	0	0	0	0	
153	32	34	187	0	203	255	0	0	0	0	0	
154	31	33	188	0	203	255	0	0	0	0	0	
156	30	32	188	0	203	254	0	0	0	0	0	
156	29	31	188	0	203	254	0	0	0	0	0	
157	30	31	189	0	203	253	0	0	0	0	0	
156	30	31	188	0	203	252	0	0	0	0	0	
156	29	31	189	0	203	252	0	0	0	0	0	
156	29	30	189	0	203	251	0	0	0	0	0	
155	28	31	188	0	203	250	0	0	0	0	0	
156	29	31	189	0	203	250	0	0	0	0	0	
155	30	31	188	0	203	249	0	0	0	0	0	
156	30	31	188	0	203	248	0	0	0	0	0	
154	30	32	188	0	203	248	0	0	0	0	0	
154	30	32	188	0	203	247	0	0	0	0	0	
154	31	33	187	0	203	246	0	0	0	0	0	
153	31	32	187	0	203	246	0	0	0	0	0	
153	32	33	186	0	203	245	0	0	0	0	0	
152	31	33	186	0	203	244	0	0	0	0	0	
152	32	34	185	0	203	243	0	0	0	0	0	
151	33	34	185	0	203	243	0	0	0	0	0	
150	33	35	184	0	203	242	0	0	0	0	0	
149	34	36	184	0	203	241	0	0	0	0	0	
149	35	36	183	0	203	241	0	0	0	0	0	
148	35	37	183	0	203	240	0	0	0	0	0	
147	35	37	182	0	203	239	0	0	0	0	0	
146	36	38	183	0	203	239	0	0	0	0	0	
145	37	39	182	0	203	238	0	0	0	0	0	
145	38	40	181	0	203	237	0	0	0	0	0	
143	39	40	180	0	203	237	0	0	0	0	0	
143	39	40	179	0	203	236	0	0	0	0	0	
141	40	41	179	0	203	235	0	0	0	0	0	
141	41	43	179	0	203	235	0	0	0	0	0	
139	42	43	178	0	203	234	0	0	0	0	0	
138	42	44	177	0	203	233	0	0	0	0	0	
138	43	45	177	0	203	232	0	0	0	0	0	
136	44	45	176	0	203	232	0	0	0	0	0	
136	45	46	176	0	203	231	0	0	0	0	0	
134	46	47	175	0	203	230	0	0	0	0	0	
133	47	47	174	0	203	230	0	0	0	0	0	
133	48	49	173	0	203	229	0	0	0	0	0	
131	49	50	172	0	203	228	0	0	0	0	0	
131	50	52	171	0	203	228	0	0	0	0	0	
129	50	52	170	0	203	227	0	0	0	0	0	
128	52	53	170	0	203	226	0	0	0	0	0	
126	53	54	169	0	203	226	0	0	0	0	0	
125	54	55	167	0	203	225	0	0	0	0	0	
124	55	56	167	0	203	224	0	0	0	0	0	
123	57	57	166	0	203	224	0	0	0	0	0	
122	57	58	166	0	203	223	0	0	0	0	0	
121	58	60	165	0	203	222	0	0	0	0	0	
120	60	60	164	0	203	221	0	0	0	0	0	
119	60	61	164	0	203	221	0	0	0	0	0	
117	61	62	162	0	203	220	0	0	0	0	0	
116	63	64	161	0	203	219	0	0	0	0	0	
114	64	64	160	0	203	219	0	0	0	0	0	
114	65	66	159	0	203	218	0	0	0	0	0	
112	66	67	158	0	203	217	0	0	0	0	0	
112	68	69	157	0	203	217	0	0	0	0	0	
110	69	69	156	0	203	216	0	0	0	0	0	
109	71	71	155	0	203	215	0	0	0	0	0	
107	71	72	155	0	203	215	0	0	0	0	0	
106	72	73	154	0	203	214	0	0	0	0	0	
104	74	74	152	0	203	213	0	0	0	0	0	
104	75	76	152	0	203	213	0	0	0	0	0	
102	77	77	151	0	203	212	0	0	0	0	0	
100	77	78	149	0	203	211	0	0	0	0	0	
99	80	80	148	0	203	210	0	0	0	0	0	
98	81	81	147	0	203	210	0	0	0	0	0	
97	82	82	146	0	203	209	0	0	0	0	0	
95	83	84	145	0	203	208	0	0	0	0	0	
94	84	85	144	0	203	208	0	0	0	0	0	
93	86	86	143	0	203	207	0	0	0	0	0	
91	87	88	141	0	203	206	0	0	0	0	0	
90	88	89	140	0	203	206	0	0	0	0	0	
89	90	91	139	0	203	205	0	0	0	0	0	
88	92	92	138	0	203	204	0	0	0	0	0	
85	93	94	137	0	203	204	0	0	0	0	0	
84	95	95	136	0	203	203	0	0	0	0	0	
83	96	96	135	0	203	202	0	0	0	0	0	
82	97	98	133	0	203	202	0	0	0	0	0	
80	99	98	132	0	203	201	0	0	0	0	0	
